>1
c34_g1_i1       c128_g1_i1.7366         94.50   1474    67      9       102     1568    1467    1       0.0      2261
c34_g1_i1       Potri.003G007900        93.36   482     32      0       103     1548    21      502     0.0      940
c128_g1_i1.7366 Potri.003G007400        94.95   515     25      1       1562    21      1       515     0.0      1004
>2
c7825_g1_i1     c313_g1_i1.1450         99.89   923     1       0       141     1063    1       923     0.0      1700
c7825_g1_i1     Potri.005G103700        99.64   277     1       0       1008    178     1       277     0.0       507
c313_g1_i1.1450 Potri.005G104500        99.64   277     1       0       868     38      1       277     0.0       506
>3
c9890_g1_i2     c360_g1_i1.6053         100.00  495     0       0       1       495     1       495     0.0       915
c9890_g1_i2     Potri.001G344700        88.89   99      10      1       532     239     1       99      3e-60     187
c360_g1_i1.6053 Potri.017G071300        99.22   129     0       1       622     239     1       129     1e-87     259
>4
c10862_g1_i2    c488_g1_i1.5084         97.78   993     22      0       228     1220    993     1       0.0      1712
c10862_g1_i2    Potri.006G081300        98.01   302     6       0       1122    217     1       302     0.0       582
c488_g1_i1.5084 Potri.018G150900        99.66   298     1       0       99      992     1       298     0.0       584
>5
c12113_g1_i1    c8859_g1_i1             95.23   629     27      1       274     899     629     1       0.0       992
c12113_g1_i1    Potri.005G168700        74.47   329     39      3       9       989     15      300     1e-130    383
c8859_g1_i1     Potri.005G168700        97.67   215     5       0       645     1       56      270     4e-130    373
>6
c12422_g1_i1    c380_g1_i3.1801         99.80   502     1       0       1       502     502     1       0.0       922
c12422_g1_i1    Potri.010G075300        100.00  71      0       0       406     194     1       71      6e-43     140
c380_g1_i3.1801 Potri.010G075700        100.00  71      0       0       97      309     1       71      4e-43     141
>7
c12548_g1_i1    c478_g1_i1.5392         99.85   1306    2       0       1       1306    1       1306    0.0      2401
c12548_g1_i1    Potri.014G004100        99.68   317     1       0       69      1019    1       317     0.0       658
c478_g1_i1.5392 Potri.014G010200        99.68   317     1       0       69      1019    1       317     0.0       660
>8
c12780_g1_i1    c478_g1_i2.4704         94.53   1517    79      2       2       1514    219     1735    0.0      2338
c12780_g1_i1    Potri.003G129400        95.80   452     18      1       1360    8       1       452     0.0       750
c478_g1_i2.4704 Potri.001G102200        98.22   449     6       1       1580    240     1       449     0.0       764
>9
c12862_g1_i1    c470_g1_i1.6669         99.55   1764    3       2       1       1763    1       1760    0.0      3208
c12862_g1_i1    Potri.001G129100        98.49   465     7       0       1630    236     1       465     0.0       946
c470_g1_i1.6669 Potri.003G104900        100.00  464     0       0       1627    236     1       464     0.0       951
>10
c12951_g1_i1    c483_g1_i1.4387         98.47   849     10      1       50      895     1       849     0.0      1493
c12951_g1_i1    Potri.001G034400        97.56   205     5       0       51      665     1       205     1e-95     285
c483_g1_i1.4387 Potri.003G190800        99.03   206     2       0       2       619     1       206     8e-98     290
>11
c13322_g1_i1    c263_g1_i1.2461         97.10   2552    70      4       216     2765    4       2553    0.0      4300
c13322_g1_i1    Potri.018G116600        99.62   790     3       0       2614    245     1       790     0.0      1505
c263_g1_i1.2461 Potri.T109500           30.10   701     365     19      2393    333     110     699     5e-43     170
>12
c13347_g1_i1    c358_g1_i1.2326         100.00  592     0       0       490     1081    302     893     0.0      1094
c13347_g1_i1    Potri.001G261800        97.50   160     0       1       983     516     1       160     1e-108    320
c358_g1_i1.2326 Potri.009G056600        89.71   204     16      1       795     199     1       204     7e-120    346
>13
c13380_g1_i1    c388_g1_i1.1810         96.88   2084    62      1       870     2950    1       2084    0.0      3485
c13380_g1_i1    Potri.004G066100        94.39   624     35      0       2845    974     1       624     0.0      1081
c388_g1_i1.1810 Potri.011G082500        95.84   625     26      0       1979    105     1       625     0.0      1025
>14
c13626_g1_i2    c289_g1_i2.864          94.98   1932    79      10      14      1941    108     2025    0.0      3014
c13626_g1_i2    Potri.016G136400        98.01   502     10      0       1950    445     2       503     0.0       950
c289_g1_i2.864  Potri.006G108200        99.79   485     1       0       1995    541     1       485     0.0       873
>15
c13626_g1_i3    c289_g1_i2.864          96.05   1950    61      8       14      1960    108     2044    0.0      3160
c13626_g1_i3    Potri.016G136400        96.59   499     17      0       1941    445     5       503     0.0       927
c289_g1_i2.864  Potri.006G108200        99.79   485     1       0       1995    541     1       485     0.0       873
>16
c13667_g1_i1    c417_g1_i1.2583         99.14   1168    10      0       1       1168    1       1168    0.0      2102
c13667_g1_i1    Potri.001G342900        93.75   336     15      1       105     1094    1       336     0.0       613
c417_g1_i1.2583 Potri.001G342800        98.18   330     6       0       105     1094    1       330     0.0       617
>17
c13667_g1_i2    c417_g1_i1.2583         99.39   1302    8       0       1       1302    1       1302    0.0      2361
c13667_g1_i2    Potri.001G342900        94.05   336     14      1       105     1094    1       336     0.0       614
c417_g1_i1.2583 Potri.001G342800        98.18   330     6       0       105     1094    1       330     0.0       617
>18
c14692_g1_i1    c424_g1_i2.2181         98.78   986     11      1       1       985     1       986     0.0      1753
c14692_g1_i1    Potri.006G110800        97.49   239     6       0       100     816     9       247     5e-174    487
c424_g1_i2.2181 Potri.006G140400        99.60   247     1       0       77      817     1       247     0.0       512
>19
c14692_g1_i2    c424_g1_i2.2181         94.55   955     41      10      1       950     1       949     0.0      1465
c14692_g1_i2    Potri.006G110800        97.49   239     6       0       100     816     9       247     5e-173    487
c424_g1_i2.2181 Potri.006G140400        99.60   247     1       0       77      817     1       247     0.0       512
>20
c14694_g1_i2    c572_g1_i4.530          94.61   927     50      0       352     1278    932     6       0.0      1435
c14694_g1_i2    Potri.T157700           98.79   248     3       0       358     1101    1       248     6e-180    514
c572_g1_i4.530  Potri.004G001300        100.00  248     0       0       926     183     1       248     9e-176    494
>21
c14865_g1_i1    c535_g1_i1.6747         99.83   1182    2       0       1       1182    1       1182    0.0      2172
c14865_g1_i1    Potri.006G241900        96.30   216     8       0       211     858     1       216     1e-120    353
c535_g1_i1.6747 Potri.018G037800        99.07   216     1       1       211     858     1       215     1e-123    360
>22
c15123_g1_i1    c475_g1_i1.3052         97.69   1258    29      0       1       1258    1       1258    0.0      2163
c15123_g1_i1    Potri.001G269200        99.12   684     6       0       291     2342    1       684     0.0      1309
c475_g1_i1.3052 Potri.009G063800        91.22   683     46      3       291     2300    1       682     0.0      1183
>23
c15123_g1_i4    c475_g1_i1.3052         98.09   1258    24      0       1       1258    1       1258    0.0      2191
c15123_g1_i4    Potri.001G269200        93.28   685     41      2       291     2333    1       684     0.0      1227
c475_g1_i1.3052 Potri.009G063800        91.22   683     46      3       291     2300    1       682     0.0      1183
>24
c15173_g1_i1    c429_g1_i1.828          95.77   2934    121     1       1       2934    1       2931    0.0      4728
c15173_g1_i1    Potri.005G144700        97.51   842     20      1       2805    280     1       841     0.0      1577
c429_g1_i1.828  Potri.007G051000        96.91   841     26      0       2802    280     1       841     0.0      1617
>25
c15255_g1_i1    c434_g1_i1.8260         99.23   1044    7       1       41      1084    7       1049    0.0      1882
c15255_g1_i1    Potri.004G153400        99.52   207     1       0       872     252     1       207     6e-151    428
c434_g1_i1.8260 Potri.009G115000        100.00  207     0       0       837     217     1       207     5e-151    428
>26
c15614_g2_i1    c494_g1_i3.4197         100.00  714     0       0       3       716     3775    4488    0.0      1319
c15614_g2_i1    Potri.006G191600        100.00  72      0       0       419     634     1       72      9e-28     103
c494_g1_i3.4197 Potri.006G191500        98.21   1172    8       2       3802    287     40      1198    0.0      2015
>27
c15620_g1_i1    c534_g1_i1.6493         96.44   2752    96      2       1       2751    1       2751    0.0      4538
c15620_g1_i1    Potri.002G027900        100.00  798     0       0       2737    344     1       798     0.0      1464
c534_g1_i1.6493 Potri.005G234900        98.25   798     14      0       2737    344     1       798     0.0      1446
>28
c15885_g1_i1    c446_g1_i1.2213         96.83   2808    86      1       1       2808    1       2805    0.0      4689
c15885_g1_i1    Potri.010G093200        100.00  734     0       0       334     2535    1       734     0.0      1529
c446_g1_i1.2213 Potri.008G148300        98.91   733     8       0       334     2532    1       733     0.0      1515
>29
c15902_g2_i1    c448_g1_i2.1563         97.12   1008    28      1       197     1204    259     1265    0.0      1700
c15902_g2_i1    Potri.006G175900        96.49   285     10      0       201     1055    1       285     0.0       525
c448_g1_i2.1563 Potri.010G215600        100.00  232     0       0       263     958     1       232     1e-155    444
>30
c15972_g2_i1    c537_g1_i3.768          96.81   3166    101     0       87      3252    3166    1       0.0      5288
c15972_g2_i1    Potri.002G229200        96.39   996     36      0       220     3207    1       996     0.0      1942
c537_g1_i3.768  Potri.014G153400        98.26   977     17      0       2976    46      24      1000    0.0      1959
>31
c16001_g1_i1    c529_g1_i1.3125         91.23   3922    307     20      1       3890    4026    110     0.0      5302
c16001_g1_i1    Potri.009G136000        98.52   1148    17      0       3902    459     1       1148    0.0      1956
c529_g1_i1.3125 Potri.004G176000        99.57   1154    5       0       107     3568    1       1154    0.0      1957
>32
c16052_g1_i1    c553_g1_i1.3805         98.93   4784    32      6       262     5031    322     5100    0.0      8534
c16052_g1_i1    Potri.T046100           99.23   1554    12      0       257     4918    1       1554    0.0      3093
c553_g1_i1.3805 Potri.018G138000        99.30   1576    11      0       251     4978    1       1576    0.0      3143
>33
c16052_g1_i2    c553_g1_i1.3805         99.69   4901    15      0       262     5162    322     5222    0.0      8968
c16052_g1_i2    Potri.T046100           99.49   1554    8       0       257     4918    1       1554    0.0      3104
c553_g1_i1.3805 Potri.018G138000        99.30   1576    11      0       251     4978    1       1576    0.0      3143
>34
c16083_g1_i1    c446_g1_i1.1882         97.55   2166    42      7       2       2167    34      2188    0.0      3696
c16083_g1_i1    Potri.T059600           97.98   593     12      0       2088    310     1       593     0.0      1130
c446_g1_i1.1882 Potri.T120300           97.81   593     13      0       2120    342     1       593     0.0      1153
>35
c16085_g1_i2    c559_g1_i2.4824         96.19   5901    217     4       241     6137    267     6163    0.0      9644
c16085_g1_i2    Potri.009G134300        95.28   1842    78      3       5820    322     55      1896    0.0      2903
c559_g1_i2.4824 Potri.004G174700        99.07   1835    13      2       5846    348     48      1880    0.0      3039
>36
c9226_g1_i1     c350_g1_i1.2745 100.00  636     0       0       167     802     636     1       0.0      1175
c9226_g1_i1     Potri.006G182600        96.25   160     6       0       667     188     1       160     3e-83     251
c350_g1_i1.2745 Potri.006G182900        98.98   294     3       0       625     1506    8       301     0.0       591
>37
c9307_g1_i1     c9587_g1_i1     99.71   1401    4       0       1       1401    1       1401    0.0      2566
c9307_g1_i1     Potri.013G076800        100.00  301     0       0       1313    411     51      351     2e-173    505
c9587_g1_i1     Potri.013G076800        100.00  301     0       0       1313    411     51      351     1e-175    504
>38
c10517_g1_i1    c439_g1_i7.4945 99.86   698     1       0       1       698     1       698     0.0      1284
c10517_g1_i1    Potri.003G186800        100.00  73      0       0       668     450     1       73      5e-44     145
c439_g1_i7.4945 Potri.001G037900        81.30   706     93      7       2534    450     1       678     0.0      1
>39
c10517_g1_i2    c12900_g1_i2    98.35   425     4       2       181     603     744     321     0.0       743
c10517_g1_i2    Potri.003G186800        100.00  69      0       0       573     367     1       69      5e-42     139
c12900_g1_i2    Potri.001G037900        87.86   173     16      1       54      557     502     674     2e-84     271
>40
c11771_g1_i1    c35676_g1_i1    99.11   675     0       1       153     827     189     857     0.0      1208
c11771_g1_i1    Potri.010G159200        100.00  117     0       0       89      439     16      132     5e-54     175
c35676_g1_i1    Potri.010G159200        79.75   158     0       2       2       469     5       132     5e-53     172
>41
c12031_g1_i1    c11336_g1_i1    99.44   1433    3       1       1       1428    1       1433    0.0      2597
c12031_g1_i1    Potri.005G104700        100.00  343     0       0       159     1187    1       343     0.0       662
c11336_g1_i1    Potri.007G060100        81.65   109     19      1       177     503     1       108     4e-157    182
>42
c12178_g1_i1    c306_g1_i1.1156 95.85   674     16      8       1       670     1       666     0.0      1079
c12178_g1_i1    Potri.001G254500        98.35   182     3       0       630     85      1       182     6e-121    348
c306_g1_i1.1156 Potri.009G049600        100.00  180     0       0       621     82      1       180     2e-130    372
>43
c12428_g1_i1    c438_g1_i2.3657 90.15   1218    108     7       187     1395    125     1339    0.0      1574
c12428_g1_i1    Potri.008G005800        99.62   260     1       0       304     1083    1       260     0.0       517
c438_g1_i2.3657 Potri.010G252900        97.31   260     7       0       242     1021    1       260     0.0       527
>44
c12591_g1_i2    c10816_g1_i2    96.60   618     21      0       69      686     634     17      0.0      1026
c12591_g1_i2    Potri.006G204200        90.43   209     20      0       706     80      3       211     5e-118    340
c10816_g1_i2    Potri.006G204200        92.65   204     15      0       12      623     8       211     1e-121    348
>45
c12727_g1_i2    c447_g1_i1.3668 95.58   951     40      2       145     1094    203     1152    0.0      1522
c12727_g1_i2    Potri.007G101500        98.21   223     4       0       868     200     1       223     1e-113    334
c447_g1_i1.3668 Potri.005G067700        100.00  223     0       0       926     258     1       223     8e-115    338
>46
c13731_g1_i1    c417_g1_i1.3236 95.04   1310    42      12      25      1327    8       1301    0.0      2037
c13731_g1_i1    Potri.001G372600        87.23   376     36      4       35      1141    1       371     1e-175    503
c417_g1_i1.3236 Potri.011G098100        100.00  353     0       0       57      1115    14      366     6e-170    486
>47
c13964_g1_i1    c490_g2_i1.5933 95.18   684     16      8       48      720     2       679     0.0      1064
c13964_g1_i1    Potri.001G390400        99.30   143     1       0       81      509     1       143     1e-96     283
c490_g2_i1.5933 Potri.011G109500        100.00  141     0       0       40      462     1       141     4e-96     281
>48
c14082_g1_i1    c495_g1_i4.4723 97.67   1073    21      2       7       1075    61      1133    0.0      1840
c14082_g1_i1    Potri.001G215800        97.60   250     6       0       46      795     1       250     9e-134    386
c495_g1_i4.4723 Potri.009G016700        99.60   251     1       0       101     853     1       251     4e-134    388
>49
c14082_g1_i3    c495_g1_i1.4721 96.69   1027    30      2       7       1029    61      1087    0.0      1705
c14082_g1_i3    Potri.001G215800        98.40   250     4       0       46      795     1       250     2e-135    391
c495_g1_i1.4721 Potri.009G016700        97.21   251     7       0       101     853     1       251     1e-130    378
>50
c14530_g1_i1    c493_g2_i1.6169 98.15   973     16      2       113     1084    219     1190    0.0      1696
c14530_g1_i1    Potri.006G145200        94.81   308     16      0       208     1131    20      327     0.0       617
c493_g2_i1.6169 Potri.018G064800        100.00  311     0       0       257     1189    1       311     0.0       646
>51
c14719_g1_i1    c12442_g1_i1    99.70   1004    3       0       1       1004    1       1004    0.0      1838
c14719_g1_i1    Potri.008G127900        99.68   309     1       0       115     1041    1       309     0.0       569
c12442_g1_i1    Potri.008G127900        100.00  275     0       0       115     939     1       275     0.0       569
>52
c14851_g1_i1    c12087_g1_i1    97.94   681     2       1       1       669     1       681     0.0      1170
c14851_g1_i1    Potri.008G063600        97.37   190     5       0       834     265     1       190     7e-132    378
c12087_g1_i1    Potri.008G063600        51.14   88      42      1       546     283     3       89      1e-21   90.1
>53
c15020_g1_i1    c528_g1_i1.5440 98.30   704     12      0       1       704     1       704     0.0      1234
c15020_g1_i1    Potri.001G071100        96.97   165     5       0       687     193     1       165     1e-115    332
c528_g1_i1.5440 Potri.003G159500        96.97   165     5       0       687     193     1       165     7e-115    330
>54
c15356_g2_i1    c12267_g1_i1    99.68   310     1       0       1       310     1044    1353    9e-162    568
c15356_g2_i1    Potri.013G072100        92.86   70      5       0       71      280     1       70      2e-36     121
c12267_g1_i1    Potri.013G072200        99.11   224     2       0       180     851     1       224     3e-105    317
>55
c15466_g1_i3    c567_g1_i1.5752 95.54   1548    59      5       1       1541    1545    1       0.0      2468
c15466_g1_i3    Potri.008G042100        91.53   378     6       1       1249    194     1       378     0.0       566
c567_g1_i1.5752 Potri.010G219900        93.41   349     23      0       293     1339    1       349     0.0       526
>56
c15517_g1_i1    c12824_g1_i4    97.96   784     16      0       667     1450    254     1037    0.0      1360
c15517_g1_i1    Potri.005G168600        83.25   406     67      1       202     1416    42      447     0.0       705
c12824_g1_i4    Potri.005G168600        95.92   319     13      0       47      1003    129     447     0.0       634
>57
c15517_g1_i7    c12824_g1_i4    100.00  1023    0       0       677     1699    15      1037    0.0      1890
c15517_g1_i7    Potri.005G168600        91.81   476     10      1       238     1665    1       447     0.0       871
c12824_g1_i4    Potri.005G168600        95.92   319     13      0       47      1003    129     447     0.0       634
>58
c15541_g1_i1    c531_g1_i3.4785 96.82   1790    57      0       1       1790    1       1790    0.0      2990
c15541_g1_i1    Potri.012G043800        95.68   486     21      0       219     1676    1       486     0.0       898
c531_g1_i3.4785 Potri.015G034600        95.88   486     20      0       219     1676    1       486     0.0       898
>59
c15541_g1_i2    c531_g1_i3.4785 97.11   1696    49      0       89      1784    95      1790    0.0      2861
c15541_g1_i2    Potri.012G043800        97.12   486     14      0       213     1670    1       486     0.0       907
c531_g1_i3.4785 Potri.015G034600        95.88   486     20      0       219     1676    1       486     0.0       898
>60
c15562_g1_i1    c421_g1_i1.2414 94.51   2622    112     22      1       2597    1       2615    0.0      4015
c15562_g1_i1    Potri.005G010800        94.15   667     30      1       2285    312     1       667     0.0      1277
c421_g1_i1.2414 Potri.013G006600        99.40   669     4       0       2318    312     1       669     0.0      1346
>61
c15626_g1_i1    c541_g1_i1.5999 100.00  1487    0       0       1       1487    1       1487    0.0      2747
c15626_g1_i1    Potri.001G357600        81.33   739     63      6       692     2686    1       738     0.0      1067
c541_g1_i1.5999 Potri.011G090900        99.79   969     2       0       140     3046    1       969     0.0      1833
>62
c15814_g1_i2    c443_g1_i1.2208 93.83   3079    159     22      1       3070    3057    1       0.0      4604
c15814_g1_i2    Potri.013G118900        95.86   555     21      1       855     2513    131     685     0.0       972
c443_g1_i1.2208 Potri.019G090700        100.00  23      0       0       2540    2472    20      42      4e-06   51.2
>63
c15884_g1_i2    c548_g1_i1.404  95.91   3908    159     1       154     4060    1       3908    0.0      6329
c15884_g1_i2    Potri.002G184400        96.51   1260    44      0       3980    201     1       1260    0.0      2485
c548_g1_i1.404  Potri.014G109900        98.25   1260    22      0       3828    49      1       1260    0.0      2508
>64
c15913_g1_i1    c442_g1_i2.1874 98.04   2506    49      0       51      2556    3       2508    0.0      4357
c15913_g1_i1    Potri.014G172200        97.25   655     18      0       2288    324     1       655     0.0      1286
c442_g1_i2.1874 Potri.002G217300        98.47   655     10      0       2240    276     1       655     0.0      1293
>65
c16010_g1_i1    c555_g1_i1.4268 89.72   3239    282     31      24      3233    3270    54      0.0      4089
c16010_g1_i1    Potri.014G144100        92.01   914     48      2       3076    407     1       913     0.0      1687
c555_g1_i1.4268 Potri.002G237800        99.89   891     1       0       214     2886    1       891     0.0      1819
>66
c16047_g1_i4    c636_g1_i1.5260 96.70   2638    65      10      1       2628    1       2626    0.0      4370
c16047_g1_i4    Potri.018G080400        97.28   734     20      0       2591    390     1       734     0.0      1453
c636_g1_i1.5260 Potri.004G082800        99.86   731     1       0       2582    390     1       731     0.0      1476
>67
c16087_g1_i3    c624_g1_i1.4565 98.14   6708    125     0       1       6708    1       6708    0.0     11695
c16087_g1_i3    Potri.004G152400        97.14   2025    57      1       6477    403     1       2024    0.0      3741
c624_g1_i1.4565 Potri.009G113700        96.20   2026    68      2       6477    403     1       2018    0.0      3764